x,t=5.00e-02s,t=1.00e+00s,t=1.00e+01s,t=1.00e+02s
0.000000000000000000e+00,3.290468754020423828e+12,3.290468754020423828e+12,3.290468754020423828e+12,3.290468754020423828e+12
5.025125628140703619e-05,-8.816741923254559326e+11,-8.816741923254559326e+11,-8.816741923254559326e+11,-8.816741923254559326e+11
1.005025125628140724e-04,2.362427482293970947e+11,2.362427482293970947e+11,2.362427482293970947e+11,2.362427482293970947e+11
1.507537688442211153e-04,-6.330074825460776520e+10,-6.330074825460776520e+10,-6.330074825460776520e+10,-6.330074825460776520e+10
2.010050251256281448e-04,1.696130255690368462e+10,1.696130255690368462e+10,1.696130255690368462e+10,1.696130255690368462e+10
2.512562814070352013e-04,-4.544745399686274529e+09,-4.544745399686274529e+09,-4.544745399686274529e+09,-4.544745399686274529e+09
3.015075376884422307e-04,1.217754985424899101e+09,1.217754985424899101e+09,1.217754985424899101e+09,1.217754985424899101e+09
3.517587939698492601e-04,-3.262948909370287657e+08,-3.262948909370287657e+08,-3.262948909370287657e+08,-3.262948909370287657e+08
4.020100502512562895e-04,8.743003077458852530e+07,8.743003077458852530e+07,8.743003077458852530e+07,8.743003077458852530e+07
4.522613065326633189e-04,-2.342669313421979919e+07,-2.342669313421979919e+07,-2.342669313421979919e+07,-2.342669313421979919e+07
5.025125628140704025e-04,6.277133226909640245e+06,6.277133226909640245e+06,6.277133226909640245e+06,6.277133226909640245e+06
5.527638190954773777e-04,-1.681944665541255381e+06,-1.681944665541255381e+06,-1.681944665541255381e+06,-1.681944665541255381e+06
6.030150753768844614e-04,4.506735408793346724e+05,4.506735408793346724e+05,4.506735408793346724e+05,4.506735408793346724e+05
6.532663316582914366e-04,-1.207570288189929997e+05,-1.207570288189929997e+05,-1.207570288189929997e+05,-1.207570288189929997e+05
7.035175879396985202e-04,3.235659227018046295e+04,3.235659227018046295e+04,3.235659227018046295e+04,3.235659227018046295e+04
7.537688442211054954e-04,-8.669880946706702161e+03,-8.669880946706702161e+03,-8.669880946706702161e+03,-8.669880946706702161e+03
8.040201005025125790e-04,2.323076392050750201e+03,2.323076392050750201e+03,2.323076392050750201e+03,2.323076392050750201e+03
8.542713567839196626e-04,-6.224634405566423538e+02,-6.224634405566423538e+02,-6.224634405566423538e+02,-6.224634405566423538e+02
9.045226130653266378e-04,1.667877716615129486e+02,1.667877716615129486e+02,1.667877716615129486e+02,1.667877716615129486e+02
9.547738693467337215e-04,-4.469043314565821845e+01,-4.469043314565821845e+01,-4.469043314565821845e+01,-4.469043314565821845e+01
1.005025125628140805e-03,1.197470770698843978e+01,1.197470770698843978e+01,1.197470770698843978e+01,1.197470770698843978e+01
1.055276381909547780e-03,-3.208597782000671916e+00,-3.208597782000671916e+00,-3.208597782000671916e+00,-3.208597782000671916e+00
1.105527638190954755e-03,8.597370373100137186e-01,8.597370373100137186e-01,8.597370373100137186e-01,8.597370373100137186e-01
1.155778894472361731e-03,-2.303647336132340906e-01,-2.303647336132340906e-01,-2.303647336132340906e-01,-2.303647336132340906e-01
1.206030150753768923e-03,6.172574658262709041e-02,6.172574658262709041e-02,6.172574658262709041e-02,6.172574658262709041e-02
1.256281407035175898e-03,-1.653928416655790073e-02,-1.653928416655790073e-02,-1.653928416655790073e-02,-1.653928416655790073e-02
1.306532663316582873e-03,4.431666458274047954e-03,4.431666458274047954e-03,4.431666458274047954e-03,4.431666458274047954e-03
1.356783919597990065e-03,-1.187455720550611169e-03,-1.187455720550611169e-03,-1.187455720550611169e-03,-1.187455720550611169e-03
1.407035175879397040e-03,3.181762665454576189e-04,3.181762665454576189e-04,3.181762665454576189e-04,3.181762665454576189e-04
1.457286432160804016e-03,-8.525466241879231153e-05,-8.525466241879231153e-05,-8.525466241879231153e-05,-8.525466241879231153e-05
1.507537688442210991e-03,2.284380775177583431e-05,2.284380775177583431e-05,2.284380775177583431e-05,2.284380775177583431e-05
1.557788944723618183e-03,-6.120950312801535096e-06,-6.120950312801535096e-06,-6.120950312801535096e-06,-6.120950312801535096e-06
1.608040201005025158e-03,1.640095781705770745e-06,1.640095781705770745e-06,1.640095781705770745e-06,1.640095781705770745e-06
1.658291457286432133e-03,-4.394602203424674872e-07,-4.394602203424674872e-07,-4.394602203424674872e-07,-4.394602203424674872e-07
1.708542713567839325e-03,1.177524431302372979e-07,1.177524431302372979e-07,1.177524431302372979e-07,1.177524431302372979e-07
1.758793969849246300e-03,-3.155151984480955105e-08,-3.155151984480955105e-08,-3.155151984480955105e-08,-3.155151984480955105e-08
1.809045226130653276e-03,8.454163481061392136e-09,8.454163481061392136e-09,8.454163481061392136e-09,8.454163481061392136e-09
1.859296482412060251e-03,-2.265275350159391940e-09,-2.265275350159391940e-09,-2.265275350159391940e-09,-2.265275350159391940e-09
1.909547738693467443e-03,6.069757727698381481e-10,6.069757727698381481e-10,6.069757727698381481e-10,6.069757727698381481e-10
1.959798994974874201e-03,-1.626378836036933612e-10,-1.626378836036933612e-10,-1.626378836036933612e-10,-1.626378836036933612e-10
2.010050251256281610e-03,4.357847935574663288e-11,4.357847935574663288e-11,4.357847935574663288e-11,4.357847935574663288e-11
2.060301507537688585e-03,-1.167676202419607372e-11,-1.167676202419607372e-11,-1.167676202419607372e-11,-1.167676202419607372e-11
2.110552763819095561e-03,3.128763862012265046e-12,3.128763862012265046e-12,3.128763862012265046e-12,3.128763862012265046e-12
2.160804020100502536e-03,-8.383457061083568337e-13,-8.383457061083568337e-13,-8.383457061083568337e-13,-8.383457061083568337e-13
2.211055276381909511e-03,2.246329713416909986e-13,2.246329713416909986e-13,2.246329713416909986e-13,2.246329713416909986e-13
2.261306532663316486e-03,-6.018993291924246605e-14,-6.018993291924246605e-14,-6.018993291924246605e-14,-6.018993291924246605e-14
2.311557788944723461e-03,1.612776612081661744e-14,1.612776612081661744e-14,1.612776612081661744e-14,1.612776612081661744e-14
2.361809045226130870e-03,-4.321401062146855152e-15,-4.321401062146855152e-15,-4.321401062146855152e-15,-4.321401062146855152e-15
2.412060301507537845e-03,1.157910339226715008e-15,1.157910339226715008e-15,1.157910339226715008e-15,1.157910339226715008e-15
2.462311557788944821e-03,-3.102596436679830209e-16,-3.102596436679830209e-16,-3.102596436679830209e-16,-3.102596436679830209e-16
2.512562814070351796e-03,8.313341994447481226e-17,8.313341994447481226e-17,8.313341994447481226e-17,8.313341994447481226e-17
2.562814070351758771e-03,-2.227542528560440623e-17,-2.227542528560440623e-17,-2.227542528560440623e-17,-2.227542528560440623e-17
2.613065326633165746e-03,5.968653424651055505e-18,5.968653424651055505e-18,5.968653424651055505e-18,5.968653424651055505e-18
2.663316582914572721e-03,-1.599288150364579273e-18,-1.599288150364579273e-18,-1.599288150364579273e-18,-1.599288150364579273e-18
2.713567839195980130e-03,4.285259012247152816e-19,4.285259012247152816e-19,4.285259012247152816e-19,4.285259012247152816e-19
2.763819095477387106e-03,-1.148226152858018452e-19,-1.148226152858018452e-19,-1.148226152858018452e-19,-1.148226152858018452e-19
2.814070351758794081e-03,3.076647862682530891e-20,3.076647862682530891e-20,3.076647862682530891e-20,3.076647862682530891e-20
2.864321608040201056e-03,-8.243813335367786969e-21,-8.243813335367786969e-21,-8.243813335367786969e-21,-8.243813335367786969e-21
2.914572864321608031e-03,2.208912470377192545e-21,2.208912470377192545e-21,2.208912470377192545e-21,2.208912470377192545e-21
2.964824120603015006e-03,-5.918734574998946125e-22,-5.918734574998946125e-22,-5.918734574998946125e-22,-5.918734574998946125e-22
3.015075376884421982e-03,1.585912499434886201e-22,1.585912499434886201e-22,1.585912499434886201e-22,1.585912499434886201e-22
3.065326633165829390e-03,-4.249419236483120544e-23,-4.249419236483120544e-23,-4.249419236483120544e-23,-4.249419236483120544e-23
3.115577889447236366e-03,1.138622960209168819e-23,1.138622960209168819e-23,1.138622960209168819e-23,1.138622960209168819e-23
3.165829145728643341e-03,-3.050916309656612713e-24,-3.050916309656612713e-24,-3.050916309656612713e-24,-3.050916309656612713e-24
3.216080402010050316e-03,8.174866179423253934e-25,8.174866179423253934e-25,8.174866179423253934e-25,8.174866179423253934e-25
3.266331658291457291e-03,-2.190438224737795587e-25,-2.190438224737795587e-25,-2.190438224737795587e-25,-2.190438224737795587e-25
3.316582914572864266e-03,5.869233221785864137e-26,5.869233221785864137e-26,5.869233221785864137e-26,5.869233221785864137e-26
3.366834170854271242e-03,-1.572648715799245705e-26,-1.572648715799245705e-26,-1.572648715799245705e-26,-1.572648715799245705e-26
3.417085427135678651e-03,4.213879206784178700e-27,4.213879206784178700e-27,4.213879206784178700e-27,4.213879206784178700e-27
3.467336683417085626e-03,-1.129100083888963564e-27,-1.129100083888963564e-27,-1.129100083888963564e-27,-1.129100083888963564e-27
3.517587939698492601e-03,3.025399962546574573e-28,3.025399962546574573e-28,3.025399962546574573e-28,3.025399962546574573e-28
3.567839195979899576e-03,-8.106495663210783518e-29,-8.106495663210783518e-29,-8.106495663210783518e-29,-8.106495663210783518e-29
3.618090452261306551e-03,2.172118488503603263e-29,2.172118488503603263e-29,2.172118488503603263e-29,2.172118488503603263e-29
3.668341708542713527e-03,-5.820145873279175365e-30,-5.820145873279175365e-30,-5.820145873279175365e-30,-5.820145873279175365e-30
3.718592964824120502e-03,1.559495863855232449e-30,1.559495863855232449e-30,1.559495863855232449e-30,1.559495863855232449e-30
3.768844221105527911e-03,-4.178636416223273937e-31,-4.178636416223273937e-31,-4.178636416223273937e-31,-4.178636416223273937e-31
3.819095477386934886e-03,1.119656852171563404e-31,1.119656852171563404e-31,1.119656852171563404e-31,1.119656852171563404e-31
3.869346733668341861e-03,-3.000097021477146345e-32,-3.000097021477146345e-32,-3.000097021477146345e-32,-3.000097021477146345e-32
3.919597989949748403e-03,8.038696964002293291e-33,8.038696964002293291e-33,8.038696964002293291e-33,8.038696964002293291e-33
3.969849246231156245e-03,-2.153951969434772865e-33,-2.153951969434772865e-33,-2.153951969434772865e-33,-2.153951969434772865e-33
4.020100502512563220e-03,5.771469066949362092e-34,5.771469066949362092e-34,5.771469066949362092e-34,5.771469066949362092e-34
4.070351758793970195e-03,-1.546453015825338969e-34,-1.546453015825338969e-34,-1.546453015825338969e-34,-1.546453015825338969e-34
4.120603015075377171e-03,4.143688378840044761e-35,4.143688378840044761e-35,4.143688378840044761e-35,4.143688378840044761e-35
4.170854271356784146e-03,-1.110292598949109470e-35,-1.110292598949109470e-35,-1.110292598949109470e-35,-1.110292598949109470e-35
4.221105527638191121e-03,2.975005701626277817e-36,2.975005701626277817e-36,2.975005701626277817e-36,2.975005701626277817e-36
4.271356783919598096e-03,-7.971465299404857030e-37,-7.971465299404857030e-37,-7.971465299404857030e-37,-7.971465299404857030e-37
4.321608040201005072e-03,2.135937386099108135e-37,2.135937386099108135e-37,2.135937386099108135e-37,2.135937386099108135e-37
4.371859296482412047e-03,-5.723199369225761422e-38,-5.723199369225761422e-38,-5.723199369225761422e-38,-5.723199369225761422e-38
4.422110552763819022e-03,1.533519251691505455e-38,1.533519251691505455e-38,1.533519251691505455e-38,1.533519251691505455e-38
4.472361809045225997e-03,-4.109032629465453731e-39,-4.109032629465453731e-39,-4.109032629465453731e-39,-4.109032629465453731e-39
4.522613065326632972e-03,1.101006663684736464e-39,1.101006663684736464e-39,1.101006663684736464e-39,1.101006663684736464e-39
4.572864321608039948e-03,-2.950124233099340078e-40,-2.950124233099340078e-40,-2.950124233099340078e-40,-2.950124233099340078e-40
4.623115577889446923e-03,7.904795927022659331e-41,7.904795927022659331e-41,7.904795927022659331e-41,7.904795927022659331e-41
4.673366834170854765e-03,-2.118073467781683123e-41,-2.118073467781683123e-41,-2.118073467781683123e-41,-2.118073467781683123e-41
4.723618090452261740e-03,5.675333375254417436e-42,5.675333375254417436e-42,5.675333375254417436e-42,5.675333375254417436e-42
4.773869346733668716e-03,-1.520693659130270734e-42,-1.520693659130270734e-42,-1.520693659130270734e-42,-1.520693659130270734e-42
4.824120603015075691e-03,4.074666723547928088e-43,4.074666723547928088e-43,4.074666723547928088e-43,4.074666723547928088e-43
4.874371859296482666e-03,-1.091798391365983662e-43,-1.091798391365983662e-43,-1.091798391365983662e-43,-1.091798391365983662e-43
4.924623115577889641e-03,2.925450860804195059e-44,2.925450860804195059e-44,2.925450860804195059e-44,2.925450860804195059e-44
4.974874371859296616e-03,-7.838684144123432698e-45,-7.838684144123432698e-45,-7.838684144123432698e-45,-7.838684144123432698e-45
5.025125628140703592e-03,2.100358954395191328e-45,2.100358954395191328e-45,2.100358954395191328e-45,2.100358954395191328e-45
5.075376884422110567e-03,-5.627867708657855226e-46,-5.627867708657855226e-46,-5.627867708657855226e-46,-5.627867708657855226e-46
5.125628140703517542e-03,1.507975333448381335e-46,1.507975333448381335e-46,1.507975333448381335e-46,1.507975333448381335e-46
5.175879396984924517e-03,-4.040588236980898403e-47,-4.040588236980898403e-47,-4.040588236980898403e-47,-4.040588236980898403e-47
5.226130653266331492e-03,1.082667132458586911e-47,1.082667132458586911e-47,1.082667132458586911e-47,1.082667132458586911e-47
5.276381909547738468e-03,-2.900983844327417114e-48,-2.900983844327417114e-48,-2.900983844327417114e-48,-2.900983844327417114e-48
5.326633165829145443e-03,7.773125287305729832e-49,7.773125287305729832e-49,7.773125287305729832e-49,7.773125287305729832e-49
5.376884422110553285e-03,-2.082792596391077669e-49,-2.082792596391077669e-49,-2.082792596391077669e-49,-2.082792596391077669e-49
5.427135678391960261e-03,5.580799021296965297e-50,5.580799021296965297e-50,5.580799021296965297e-50,5.580799021296965297e-50
5.477386934673367236e-03,-1.495363377518993649e-50,-1.495363377518993649e-50,-1.495363377518993649e-50,-1.495363377518993649e-50
5.527638190954774211e-03,4.006794765931823320e-51,4.006794765931823320e-51,4.006794765931823320e-51,4.006794765931823320e-51
5.577889447236181186e-03,-1.073612242860664680e-51,-1.073612242860664680e-51,-1.073612242860664680e-51,-1.073612242860664680e-51
5.628140703517588161e-03,2.876721457811546763e-52,2.876721457811546763e-52,2.876721457811546763e-52,2.876721457811546763e-52
5.678391959798995137e-03,-7.708114732170953711e-53,-7.708114732170953711e-53,-7.708114732170953711e-53,-7.708114732170953711e-53
5.728643216080402112e-03,2.065373154671381656e-53,2.065373154671381656e-53,2.065373154671381656e-53,2.065373154671381656e-53
5.778894472361809087e-03,-5.534123993034782269e-54,-5.534123993034782269e-54,-5.534123993034782269e-54,-5.534123993034782269e-54
5.829145728643216062e-03,1.482856901718381267e-54,1.482856901718381267e-54,1.482856901718381267e-54,1.482856901718381267e-54
5.879396984924623037e-03,-3.973283926672614724e-55,-3.973283926672614724e-55,-3.973283926672614724e-55,-3.973283926672614724e-55
5.929648241206030013e-03,1.064633083857282110e-55,1.064633083857282110e-55,1.064633083857282110e-55,1.064633083857282110e-55
5.979899497487436988e-03,-2.852661989833324821e-56,-2.852661989833324821e-56,-2.852661989833324821e-56,-2.852661989833324821e-56
6.030150753768843963e-03,7.643647892996205731e-57,7.643647892996205731e-57,7.643647892996205731e-57,7.643647892996205731e-57
6.080402010050251806e-03,-2.048099400501351214e-57,-2.048099400501351214e-57,-2.048099400501351214e-57,-2.048099400501351214e-57
6.130653266331658781e-03,5.487839331502344088e-58,5.487839331502344088e-58,5.487839331502344088e-58,5.487839331502344088e-58
6.180904522613065756e-03,-1.470455023863194549e-58,-1.470455023863194549e-58,-1.470455023863194549e-58,-1.470455023863194549e-58
6.231155778894472731e-03,3.940053355411513116e-59,3.940053355411513116e-59,3.940053355411513116e-59,3.940053355411513116e-59
6.281407035175879706e-03,-1.055729022075401551e-59,-1.055729022075401551e-59,-1.055729022075401551e-59,-1.055729022075401551e-59
6.331658291457286682e-03,2.828803743283002780e-60,2.828803743283002780e-60,2.828803743283002780e-60,2.828803743283002780e-60
6.381909547738693657e-03,-7.579720222411772141e-61,-7.579720222411772141e-61,-7.579720222411772141e-61,-7.579720222411772141e-61
6.432160804020100632e-03,2.030970115422753442e-61,2.030970115422753442e-61,2.030970115422753442e-61,2.030970115422753442e-61
6.482412060301507607e-03,-5.441941771866402574e-62,-5.441941771866402574e-62,-5.441941771866402574e-62,-5.441941771866402574e-62
6.532663316582914582e-03,1.458156869148221210e-62,1.458156869148221210e-62,1.458156869148221210e-62,1.458156869148221210e-62
6.582914572864321558e-03,-3.907100708126321456e-63,-3.907100708126321456e-63,-3.907100708126321456e-63,-3.907100708126321456e-63
6.633165829145728533e-03,1.046899429439198193e-63,1.046899429439198193e-63,1.046899429439198193e-63,1.046899429439198193e-63
6.683417085427135508e-03,-2.805145035244594094e-64,-2.805145035244594094e-64,-2.805145035244594094e-64,-2.805145035244594094e-64
6.733668341708542483e-03,7.516327211079446213e-65,7.516327211079446213e-65,7.516327211079446213e-65,7.516327211079446213e-65
6.783919597989949458e-03,-2.013984091167922349e-65,-2.013984091167922349e-65,-2.013984091167922349e-65,-2.013984091167922349e-65
6.834170854271357301e-03,5.396428076599169135e-66,5.396428076599169135e-66,5.396428076599169135e-66,5.396428076599169135e-66
6.884422110552764276e-03,-1.445961570084689972e-66,-1.445961570084689972e-66,-1.445961570084689972e-66,-1.445961570084689972e-66
6.934673366834171251e-03,3.874423660399097031e-67,3.874423660399097031e-67,3.874423660399097031e-67,3.874423660399097031e-67
6.984924623115578227e-03,-1.038143683125765310e-67,-1.038143683125765310e-67,-1.038143683125765310e-67,-1.038143683125765310e-67
7.035175879396985202e-03,2.781684196877202587e-68,2.781684196877202587e-68,2.781684196877202587e-68,2.781684196877202587e-68
7.085427135678392177e-03,-7.453464387375150499e-69,-7.453464387375150499e-69,-7.453464387375150499e-69,-7.453464387375150499e-69
7.135678391959799152e-03,1.997140129574603501e-69,1.997140129574603501e-69,1.997140129574603501e-69,1.997140129574603501e-69
7.185929648241206127e-03,-5.351295035249908605e-70,-5.351295035249908605e-70,-5.351295035249908605e-70,-5.351295035249908605e-70
7.236180904522613103e-03,1.433868266439067926e-70,1.433868266439067926e-70,1.433868266439067926e-70,1.433868266439067926e-70
7.286432160804020078e-03,-3.842019907252156549e-71,-3.842019907252156549e-71,-3.842019907252156549e-71,-3.842019907252156549e-71
7.336683417085427053e-03,1.029461165521173368e-71,1.029461165521173368e-71,1.029461165521173368e-71,1.029461165521173368e-71
7.386934673366834028e-03,-2.758419573297273014e-72,-2.758419573297273014e-72,-2.758419573297273014e-72,-2.758419573297273014e-72
7.437185929648241003e-03,7.391127317073150499e-73,7.391127317073150499e-73,7.391127317073150499e-73,7.391127317073150499e-73
7.487437185929647979e-03,-1.980437042501266931e-73,-1.980437042501266931e-73,-1.980437042501266931e-73,-1.980437042501266931e-73
7.537688442211055821e-03,5.306539464218522758e-74,5.306539464218522758e-74,5.306539464218522758e-74,5.306539464218522758e-74
7.587939698492462796e-03,-1.421876105172394965e-74,-1.421876105172394965e-74,-1.421876105172394965e-74,-1.421876105172394965e-74
7.638190954773869772e-03,3.809887162985517028e-75,3.809887162985517028e-75,3.809887162985517028e-75,3.809887162985517028e-75
7.688442211055276747e-03,-1.020851264176912213e-75,-1.020851264176912213e-75,-1.020851264176912213e-75,-1.020851264176912213e-75
7.738693467336683722e-03,2.735349523461888232e-76,2.735349523461888232e-76,2.735349523461888232e-76,2.735349523461888232e-76
7.788944723618090697e-03,-7.329311603033465704e-77,-7.329311603033465704e-77,-7.329311603033465704e-77,-7.329311603033465704e-77
7.839195979899496805e-03,1.963873651743499584e-77,1.963873651743499584e-77,1.963873651743499584e-77,1.963873651743499584e-77
7.889447236180905515e-03,-5.262158206530941726e-78,-5.262158206530941726e-78,-5.262158206530941726e-78,-5.262158206530941726e-78
7.939698492462312490e-03,1.409984240380098705e-78,1.409984240380098705e-78,1.409984240380098705e-78,1.409984240380098705e-78
7.989949748743719465e-03,-3.778023161015643402e-79,-3.778023161015643402e-79,-3.778023161015643402e-79,-3.778023161015643402e-79
8.040201005025126441e-03,1.012313371766683598e-79,1.012313371766683598e-79,1.012313371766683598e-79,1.012313371766683598e-79
8.090452261306533416e-03,-2.712472420052980706e-80,-2.712472420052980706e-80,-2.712472420052980706e-80,-2.712472420052980706e-80
8.140703517587940391e-03,7.268012884891361550e-81,7.268012884891361550e-81,7.268012884891361550e-81,7.268012884891361550e-81
8.190954773869347366e-03,-1.947448788950822810e-81,-1.947448788950822810e-81,-1.947448788950822810e-81,-1.947448788950822810e-81
8.241206030150754341e-03,5.218148131616465909e-82,5.218148131616465909e-82,5.218148131616465909e-82,5.218148131616465909e-82
8.291457286432161317e-03,-1.398191833232335335e-82,-1.398191833232335335e-82,-1.398191833232335335e-82,-1.398191833232335335e-82
8.341708542713568292e-03,3.746425653715586032e-83,3.746425653715586032e-83,3.746425653715586032e-83,3.746425653715586032e-83
8.391959798994975267e-03,-1.003846886043566498e-83,-1.003846886043566498e-83,-1.003846886043566498e-83,-1.003846886043566498e-83
8.442211055276382242e-03,2.689786649362578508e-84,2.689786649362578508e-84,2.689786649362578508e-84,2.689786649362578508e-84
8.492462311557789217e-03,-7.207226838750360813e-85,-7.207226838750360813e-85,-7.207226838750360813e-85,-7.207226838750360813e-85
8.542713567839196193e-03,1.931161295544134051e-85,1.931161295544134051e-85,1.931161295544134051e-85,1.931161295544134051e-85
8.592964824120603168e-03,-5.174506135086936537e-86,-5.174506135086936537e-86,-5.174506135086936537e-86,-5.174506135086936537e-86
8.643216080402010143e-03,1.386498051914816465e-86,1.386498051914816465e-86,1.386498051914816465e-86,1.386498051914816465e-86
8.693467336683417118e-03,-3.715092412256426642e-87,-3.715092412256426642e-87,-3.715092412256426642e-87,-3.715092412256426642e-87
8.743718592964824093e-03,9.954512097975338537e-88,9.954512097975338537e-88,9.954512097975338537e-88,9.954512097975338537e-88
8.793969849246231069e-03,-2.667290611178952708e-88,-2.667290611178952708e-88,-2.667290611178952708e-88,-2.667290611178952708e-88
8.844221105527638044e-03,7.146949176876694658e-89,7.146949176876694658e-89,7.146949176876694658e-89,7.146949176876694658e-89
8.894472361809045019e-03,-1.915010022634218653e-89,-1.915010022634218653e-89,-1.915010022634218653e-89,-1.915010022634218653e-89
8.944723618090451994e-03,5.131229138517743648e-90,5.131229138517743648e-90,5.131229138517743648e-90,5.131229138517743648e-90
8.994974874371858969e-03,-1.374902071570133749e-90,-1.374902071570133749e-90,-1.374902071570133749e-90,-1.374902071570133749e-90
9.045226130653265945e-03,3.684021226450064495e-91,3.684021226450064495e-91,3.684021226450064495e-91,3.684021226450064495e-91
9.095477386934672920e-03,-9.871257508133247949e-92,-9.871257508133247949e-92,-9.871257508133247949e-92,-9.871257508133247949e-92
9.145728643216079895e-03,2.644982718673752063e-92,2.644982718673752063e-92,2.644982718673752063e-92,2.644982718673752063e-92
9.195979899497486870e-03,-7.087175647397110721e-93,-7.087175647397110721e-93,-7.087175647397110721e-93,-7.087175647397110721e-93
9.246231155778893845e-03,1.898993830940541990e-93,1.898993830940541990e-93,1.898993830940541990e-93,1.898993830940541990e-93
9.296482412060302555e-03,-5.088314089230704008e-94,-5.088314089230704008e-94,-5.088314089230704008e-94,-5.088314089230704008e-94
9.346733668341709531e-03,1.363403074239577338e-94,1.363403074239577338e-94,1.363403074239577338e-94,1.363403074239577338e-94
9.396984924623116506e-03,-3.653209904593310978e-95,-3.653209904593310978e-95,-3.653209904593310978e-95,-3.653209904593310978e-95
9.447236180904523481e-03,9.788699218286732135e-96,9.788699218286732135e-96,9.788699218286732135e-96,9.788699218286732135e-96
9.497487437185930456e-03,-2.622861398290063990e-96,-2.622861398290063990e-96,-2.622861398290063990e-96,-2.622861398290063990e-96
9.547738693467337431e-03,7.027902033998917852e-97,7.027902033998917852e-97,7.027902033998917852e-97,7.027902033998917852e-97
9.597989949748744407e-03,-1.883111590710986721e-97,-1.883111590710986721e-97,-1.883111590710986721e-97,-1.883111590710986721e-97
9.648241206030151382e-03,5.045757960075935169e-98,5.045757960075935169e-98,5.045757960075935169e-98,5.045757960075935169e-98
9.698492462311558357e-03,-1.352000248795122828e-98,-1.352000248795122828e-98,-1.352000248795122828e-98,-1.352000248795122828e-98
9.748743718592965332e-03,3.622656272928408059e-99,3.622656272928408059e-99,3.622656272928408059e-99,3.622656272928408059e-99
9.798994974874372307e-03,-9.706831390564396753e-100,-9.706831390564396753e-100,-9.706831390564396753e-100,-9.706831390564396753e-100
9.849246231155779283e-03,2.600925036022364498e-100,2.600925036022364498e-100,2.600925036022364498e-100,2.600925036022364498e-100
9.899497487437186258e-03,-6.969122154905305680e-101,-6.969122154905305680e-101,-6.969122154905305680e-101,-6.969122154905305680e-101
9.949748743718593233e-03,1.867354714790270596e-101,1.867354714790270596e-101,1.867354714790270596e-101,1.867354714790270596e-101
1.000000000000000021e-02,-5.003279081178649680e-102,-5.003279081178649680e-102,-5.003279081178649680e-102,-5.003279081178649680e-102
1.005025125628140718e-02,1.340359472179579182e-102,1.340359472179579182e-102,1.340359472179579182e-102,1.340359472179579182e-102
1.010050251256281416e-02,-3.590772142653081112e-103,-3.590772142653081112e-103,-3.590772142653081112e-103,-3.590772142653081112e-103
1.015075376884422113e-02,9.619542255695665077e-104,9.619542255695665077e-104,9.619542255695665077e-104,9.619542255695665077e-104
1.020100502512562811e-02,-2.577038852171318948e-104,-2.577038852171318948e-104,-2.577038852171318948e-104,-2.577038852171318948e-104
1.025125628140703508e-02,6.903789254284217421e-105,6.903789254284217421e-105,6.903789254284217421e-105,6.903789254284217421e-105
1.030150753768844206e-02,-1.849498932754223043e-105,-1.849498932754223043e-105,-1.849498932754223043e-105,-1.849498932754223043e-105
1.035175879396984903e-02,4.954737429356340261e-106,4.954737429356340261e-106,4.954737429356340261e-106,4.954737429356340261e-106
1.040201005025125601e-02,-1.327355347932336428e-106,-1.327355347932336428e-106,-1.327355347932336428e-106,-1.327355347932336428e-106
1.045226130653266298e-02,3.555934587463004758e-107,3.555934587463004758e-107,3.555934587463004758e-107,3.555934587463004758e-107
1.050251256281406996e-02,-9.526213767860045878e-108,-9.526213767860045878e-108,-9.526213767860045878e-108,-9.526213767860045878e-108
1.055276381909547694e-02,2.552036504577868780e-108,2.552036504577868780e-108,2.552036504577868780e-108,2.552036504577868780e-108
1.060301507537688391e-02,-6.836808914231476365e-109,-6.836808914231476365e-109,-6.836808914231476365e-109,-6.836808914231476365e-109
1.065326633165829089e-02,1.831555153927780324e-109,1.831555153927780324e-109,1.831555153927780324e-109,1.831555153927780324e-109
1.070351758793969960e-02,-4.906666727070004059e-110,-4.906666727070004059e-110,-4.906666727070004059e-110,-4.906666727070004059e-110
1.075376884422110657e-02,1.314477389277942080e-110,1.314477389277942080e-110,1.314477389277942080e-110,1.314477389277942080e-110
1.080402010050251355e-02,-3.521435025106613996e-111,-3.521435025106613996e-111,-3.521435025106613996e-111,-3.521435025106613996e-111
1.085427135678392052e-02,9.433790749994842702e-112,9.433790749994842702e-112,9.433790749994842702e-112,9.433790749994842702e-112
1.090452261306532750e-02,-2.527276728952107159e-112,-2.527276728952107159e-112,-2.527276728952107159e-112,-2.527276728952107159e-112
1.095477386934673447e-02,6.770478415271564764e-113,6.770478415271564764e-113,6.770478415271564764e-113,6.770478415271564764e-113
1.100502512562814145e-02,-1.813785465063205961e-113,-1.813785465063205961e-113,-1.813785465063205961e-113,-1.813785465063205961e-113
1.105527638190954842e-02,4.859062405182478637e-114,4.859062405182478637e-114,4.859062405182478637e-114,4.859062405182478637e-114
1.110552763819095540e-02,-1.301724372161895117e-114,-1.301724372161895117e-114,-1.301724372161895117e-114,-1.301724372161895117e-114
1.115577889447236237e-02,3.487270176388371107e-115,3.487270176388371107e-115,3.487270176388371107e-115,3.487270176388371107e-115
1.120603015075376935e-02,-9.342264417259688700e-116,-9.342264417259688700e-116,-9.342264417259688700e-116,-9.342264417259688700e-116
1.125628140703517632e-02,2.502757171868650116e-116,2.502757171868650116e-116,2.502757171868650116e-116,2.502757171868650116e-116
1.130653266331658330e-02,-6.704791452667197813e-117,-6.704791452667197813e-117,-6.704791452667197813e-117,-6.704791452667197813e-117
1.135678391959799027e-02,1.796188177145233377e-117,1.796188177145233377e-117,1.796188177145233377e-117,1.796188177145233377e-117
1.140703517587939725e-02,-4.811919938886216345e-118,-4.811919938886216345e-118,-4.811919938886216345e-118,-4.811919938886216345e-118
1.145728643216080422e-02,1.289095084405431611e-118,1.289095084405431611e-118,1.289095084405431611e-118,1.289095084405431611e-118
1.150753768844221120e-02,-3.453436793927383935e-119,-3.453436793927383935e-119,-3.453436793927383935e-119,-3.453436793927383935e-119
1.155778894472361817e-02,9.251626070044454022e-120,9.251626070044454022e-120,9.251626070044454022e-120,9.251626070044454022e-120
1.160804020100502515e-02,-2.478475502734971319e-120,-2.478475502734971319e-120,-2.478475502734971319e-120,-2.478475502734971319e-120
1.165829145728643212e-02,6.639741782849479760e-121,6.639741782849479760e-121,6.639741782849479760e-121,6.639741782849479760e-121
1.170854271356783910e-02,-1.778761617545485359e-121,-1.778761617545485359e-121,-1.778761617545485359e-121,-1.778761617545485359e-121
1.175879396984924607e-02,4.765234847273214517e-122,4.765234847273214517e-122,4.765234847273214517e-122,4.765234847273214517e-122
1.180904522613065305e-02,-1.276588325590307325e-122,-1.276588325590307325e-122,-1.276588325590307325e-122,-1.276588325590307325e-122
1.185929648241206003e-02,3.419931661848747309e-123,3.419931661848747309e-123,3.419931661848747309e-123,3.419931661848747309e-123
1.190954773869346700e-02,-9.161867093142353321e-124,-9.161867093142353321e-124,-9.161867093142353321e-124,-9.161867093142353321e-124
1.195979899497487398e-02,2.454429413569876029e-124,2.454429413569876029e-124,2.454429413569876029e-124,2.454429413569876029e-124
1.201005025125628095e-02,-6.575323222824405079e-125,-6.575323222824405079e-125,-6.575323222824405079e-125,-6.575323222824405079e-125
1.206030150753768793e-02,1.761504129863339838e-125,1.761504129863339838e-125,1.761504129863339838e-125,1.761504129863339838e-125
1.211055276381909490e-02,-4.719002692909086880e-126,-4.719002692909086880e-126,-4.719002692909086880e-126,-4.719002692909086880e-126
1.216080402010050188e-02,1.264202906944696062e-126,1.264202906944696062e-126,1.264202906944696062e-126,1.264202906944696062e-126
1.221105527638190885e-02,-3.386751595477866097e-127,-3.386751595477866097e-127,-3.386751595477866097e-127,-3.386751595477866097e-127
1.226130653266331583e-02,9.072978954931028104e-128,9.072978954931028104e-128,9.072978954931028104e-128,9.072978954931028104e-128
1.231155778894472280e-02,-2.430616618784086512e-128,-2.430616618784086512e-128,-2.430616618784086512e-128,-2.430616618784086512e-128
1.236180904522613151e-02,6.511529649585172136e-129,6.511529649585172136e-129,6.511529649585172136e-129,6.511529649585172136e-129
1.241206030150753849e-02,-1.744414073768518513e-129,-1.744414073768518513e-129,-1.744414073768518513e-129,-1.744414073768518513e-129
1.246231155778894546e-02,4.673219081411287618e-130,4.673219081411287618e-130,4.673219081411287618e-130,4.673219081411287618e-130
1.251256281407035244e-02,-1.251937651230195751e-130,-1.251937651230195751e-130,-1.251937651230195751e-130,-1.251937651230195751e-130
1.256281407035175941e-02,3.353893441037753038e-131,3.353893441037753038e-131,3.353893441037753038e-131,3.353893441037753038e-131
1.261306532663316639e-02,-8.984953206561692122e-132,-8.984953206561692122e-132,-8.984953206561692122e-132,-8.984953206561692122e-132
1.266331658291457336e-02,2.407034854963196359e-132,2.407034854963196359e-132,2.407034854963196359e-132,2.407034854963196359e-132
1.271356783919598034e-02,-6.448354999530196591e-133,-6.448354999530196591e-133,-6.448354999530196591e-133,-6.448354999530196591e-133
1.276381909547738731e-02,1.727489824845176907e-133,1.727489824845176907e-133,1.727489824845176907e-133,1.727489824845176907e-133
1.281407035175879429e-02,-4.627879661031440378e-134,-4.627879661031440378e-134,-4.627879661031440378e-134,-4.627879661031440378e-134
1.286432160804020126e-02,1.239791392629937189e-134,1.239791392629937189e-134,1.239791392629937189e-134,1.239791392629937189e-134
1.291457286432160824e-02,-3.321354075349274547e-135,-3.321354075349274547e-135,-3.321354075349274547e-135,-3.321354075349274547e-135
1.296482412060301521e-02,8.897781481155971761e-136,8.897781481155971761e-136,8.897781481155971761e-136,8.897781481155971761e-136
1.301507537688442219e-02,-2.383681880652143514e-136,-2.383681880652143514e-136,-2.383681880652143514e-136,-2.383681880652143514e-136
1.306532663316582916e-02,6.385793267886772290e-137,6.385793267886772290e-137,6.385793267886772290e-137,6.385793267886772290e-137
1.311557788944723614e-02,-1.710729774437502108e-137,-1.710729774437502108e-137,-1.710729774437502108e-137,-1.710729774437502108e-137
1.316582914572864312e-02,4.582980122241687598e-138,4.582980122241687598e-138,4.582980122241687598e-138,4.582980122241687598e-138
1.321608040201005009e-02,-1.227762976637767003e-138,-1.227762976637767003e-138,-1.227762976637767003e-138,-1.227762976637767003e-138
1.326633165829145707e-02,3.289130405534270331e-139,3.289130405534270331e-139,3.289130405534270331e-139,3.289130405534270331e-139
1.331658291457286404e-02,-8.811455493010704107e-140,-8.811455493010704107e-140,-8.811455493010704107e-140,-8.811455493010704107e-140
1.336683417085427102e-02,2.360555476142504879e-140,2.360555476142504879e-140,2.360555476142504879e-140,2.360555476142504879e-140
1.341708542713567973e-02,-6.323838508140292842e-141,-6.323838508140292842e-141,-6.323838508140292842e-141,-6.323838508140292842e-141
1.346733668341708670e-02,1.694132329496804405e-141,1.694132329496804405e-141,1.694132329496804405e-141,1.694132329496804405e-141
1.351758793969849368e-02,-4.538516197325065178e-142,-4.538516197325065178e-142,-4.538516197325065178e-142,-4.538516197325065178e-142
1.356783919597990065e-02,1.215851259948511980e-142,1.215851259948511980e-142,1.215851259948511980e-142,1.215851259948511980e-142
1.361809045226130763e-02,-3.257219368721585780e-143,-3.257219368721585780e-143,-3.257219368721585780e-143,-3.257219368721585780e-143
1.366834170854271460e-02,8.725967036810349274e-144,8.725967036810349274e-144,8.725967036810349274e-144,8.725967036810349274e-144
1.371859296482412158e-02,-2.337653443261503753e-144,-2.337653443261503753e-144,-2.337653443261503753e-144,-2.337653443261503753e-144
1.376884422110552855e-02,6.262484831469040434e-145,6.262484831469040434e-145,6.262484831469040434e-145,6.262484831469040434e-145
1.381909547738693553e-02,-1.677695912430103356e-145,-1.677695912430103356e-145,-1.677695912430103356e-145,-1.677695912430103356e-145
1.386934673366834250e-02,4.494483659969869770e-146,4.494483659969869770e-146,4.494483659969869770e-146,4.494483659969869770e-146
1.391959798994974948e-02,-1.204055110349310601e-146,-1.204055110349310601e-146,-1.204055110349310601e-146,-1.204055110349310601e-146
1.396984924623115645e-02,3.225617931755946535e-147,3.225617931755946535e-147,3.225617931755946535e-147,3.225617931755946535e-147
1.402010050251256343e-02,-8.641307986847053378e-148,-8.641307986847053378e-148,-8.641307986847053378e-148,-8.641307986847053378e-148
1.407035175879397040e-02,2.314973605162747512e-148,2.314973605162747512e-148,2.314973605162747512e-148,2.314973605162747512e-148
1.412060301507537738e-02,-6.201726406184464554e-149,-6.201726406184464554e-149,-6.201726406184464554e-149,-6.201726406184464554e-149
1.417085427135678435e-02,1.661418960950172782e-149,1.661418960950172782e-149,1.661418960950172782e-149,1.661418960950172782e-149
1.422110552763819133e-02,-4.450878324867929679e-150,-4.450878324867929679e-150,-4.450878324867929679e-150,-4.450878324867929679e-150
1.427135678391959830e-02,1.192373406611992761e-150,1.192373406611992761e-150,1.192373406611992761e-150,1.192373406611992761e-150
1.432160804020100528e-02,-3.194323090909648837e-151,-3.194323090909648837e-151,-3.194323090909648837e-151,-3.194323090909648837e-151
1.437185929648241225e-02,8.557470296248338344e-152,8.557470296248338344e-152,8.557470296248338344e-152,8.557470296248338344e-152
1.442211055276381923e-02,-2.292513806119681574e-152,-2.292513806119681574e-152,-2.292513806119681574e-152,-2.292513806119681574e-152
1.447236180904522621e-02,6.141557457176864722e-153,6.141557457176864722e-153,6.141557457176864722e-153,6.141557457176864722e-153
1.452261306532663318e-02,-1.645299927927047657e-153,-1.645299927927047657e-153,-1.645299927927047657e-153,-1.645299927927047657e-153
1.457286432160804016e-02,4.407696047316800982e-154,4.407696047316800982e-154,4.407696047316800982e-154,4.407696047316800982e-154
1.462311557788944713e-02,-1.180805038386507119e-154,-1.180805038386507119e-154,-1.180805038386507119e-154,-1.180805038386507119e-154
1.467336683417085411e-02,3.163331871597056538e-155,3.163331871597056538e-155,3.163331871597056538e-155,3.163331871597056538e-155
1.472361809045226108e-02,-8.474445996212209916e-156,-8.474445996212209916e-156,-8.474445996212209916e-156,-8.474445996212209916e-156
1.477386934673366806e-02,2.270271911320503399e-156,2.270271911320503399e-156,2.270271911320503399e-156,2.270271911320503399e-156
1.482412060301507503e-02,-6.081972265366461866e-157,-6.081972265366461866e-157,-6.081972265366461866e-157,-6.081972265366461866e-157
1.487437185929648201e-02,1.629337281240968128e-157,1.629337281240968128e-157,1.629337281240968128e-157,1.629337281240968128e-157
1.492462311557788898e-02,-4.364932722825810394e-158,-4.364932722825810394e-158,-4.364932722825810394e-158,-4.364932722825810394e-158
1.497487437185929596e-02,1.169348906095384856e-158,1.169348906095384856e-158,1.169348906095384856e-158,1.169348906095384856e-158
1.502512562814070293e-02,-3.132641328091875204e-159,-3.132641328091875204e-159,-3.132641328091875204e-159,-3.132641328091875204e-159
1.507537688442210991e-02,8.392227195249741865e-160,8.392227195249741865e-160,8.392227195249741865e-160,8.392227195249741865e-160
1.512562814070351688e-02,-2.248245806665287743e-160,-2.248245806665287743e-160,-2.248245806665287743e-160,-2.248245806665287743e-160
1.517587939698492386e-02,6.022965167159815501e-161,6.022965167159815501e-161,6.022965167159815501e-161,6.022965167159815501e-161
1.522613065326633083e-02,-1.613529503636749428e-161,-1.613529503636749428e-161,-1.613529503636749428e-161,-1.613529503636749428e-161
1.527638190954773781e-02,4.322584286725913621e-162,4.322584286725913621e-162,4.322584286725913621e-162,4.322584286725913621e-162
1.532663316582914478e-02,-1.158003920829201397e-162,-1.158003920829201397e-162,-1.158003920829201397e-162,-1.158003920829201397e-162
1.537688442211055349e-02,3.102248543247141084e-163,3.102248543247141084e-163,3.102248543247141084e-163,3.102248543247141084e-163
1.542713567839196047e-02,-8.310806078434969729e-164,-8.310806078434969729e-164,-8.310806078434969729e-164,-8.310806078434969729e-164
1.547738693467336744e-02,2.226433398565036123e-164,2.226433398565036123e-164,2.226433398565036123e-164,2.226433398565036123e-164
1.552763819095477442e-02,-5.964530553911467716e-165,-5.964530553911467716e-165,-5.964530553911467716e-165,-5.964530553911467716e-165
1.557788944723618139e-02,1.597875092579543322e-165,1.597875092579543322e-165,1.597875092579543322e-165,1.597875092579543322e-165
1.562814070351759010e-02,-4.280646713783369733e-166,-4.280646713783369733e-166,-4.280646713783369733e-166,-4.280646713783369733e-166
1.567839195979899708e-02,1.146769004243170780e-166,1.146769004243170780e-166,1.146769004243170780e-166,1.146769004243170780e-166
1.572864321608040405e-02,-3.072150628217962319e-167,-3.072150628217962319e-167,-3.072150628217962319e-167,-3.072150628217962319e-167
1.577889447236181103e-02,8.230174906662094734e-168,8.230174906662094734e-168,8.230174906662094734e-168,8.230174906662094734e-168
1.582914572864321801e-02,-2.204832613742685372e-168,-2.204832613742685372e-168,-2.204832613742685372e-168,-2.204832613742685372e-168
1.587939698492462498e-02,5.906662871390892197e-169,5.906662871390892197e-169,5.906662871390892197e-169,5.906662871390892197e-169
1.592964824120603196e-02,-1.582372560112147487e-169,-1.582372560112147487e-169,-1.582372560112147487e-169,-1.582372560112147487e-169
1.597989949748743893e-02,4.239116017817106698e-170,4.239116017817106698e-170,4.239116017817106698e-170,4.239116017817106698e-170
1.603015075376884591e-02,-1.135643088454464327e-170,-1.135643088454464327e-170,-1.135643088454464327e-170,-1.135643088454464327e-170
1.608040201005025288e-02,3.042344722186927899e-171,3.042344722186927899e-171,3.042344722186927899e-171,3.042344722186927899e-171
1.613065326633165986e-02,-8.150326015909871048e-172,-8.150326015909871048e-172,-8.150326015909871048e-172,-8.150326015909871048e-172
1.618090452261306683e-02,2.183441399036036581e-172,2.183441399036036581e-172,2.183441399036036581e-172,2.183441399036036581e-172
1.623115577889447381e-02,-5.849356619254486225e-173,-5.849356619254486225e-173,-5.849356619254486225e-173,-5.849356619254486225e-173
1.628140703517588078e-02,1.567020432713319931e-173,1.567020432713319931e-173,1.567020432713319931e-173,1.567020432713319931e-173
1.633165829145728776e-02,-4.197988251319863318e-174,-4.197988251319863318e-174,-4.197988251319863318e-174,-4.197988251319863318e-174
1.638190954773869473e-02,1.124625115940889550e-174,1.124625115940889550e-174,1.124625115940889550e-174,1.124625115940889550e-174
1.643216080402010171e-02,-3.012827992092181225e-175,-3.012827992092181225e-175,-3.012827992092181225e-175,-3.012827992092181225e-175
1.648241206030150868e-02,8.071251816513139575e-176,8.071251816513139575e-176,8.071251816513139575e-176,8.071251816513139575e-176
1.653266331658291566e-02,-2.162257721202606939e-176,-2.162257721202606939e-176,-2.162257721202606939e-176,-2.162257721202606939e-176
1.658291457286432263e-02,5.792606350522824136e-177,5.792606350522824136e-177,5.792606350522824136e-177,5.792606350522824136e-177
1.663316582914572961e-02,-1.551817251157975066e-177,-1.551817251157975066e-177,-1.551817251157975066e-177,-1.551817251157975066e-177
1.668341708542713658e-02,4.157259505082960735e-178,4.157259505082960735e-178,4.157259505082960735e-178,4.157259505082960735e-178
1.673366834170854356e-02,-1.113714039440281706e-178,-1.113714039440281706e-178,-1.113714039440281706e-178,-1.113714039440281706e-178
1.678391959798995053e-02,2.983597632358139785e-179,2.983597632358139785e-179,2.983597632358139785e-179,2.983597632358139785e-179
1.683417085427135751e-02,-7.992944792441419524e-180,-7.992944792441419524e-180,-7.992944792441419524e-180,-7.992944792441419524e-180
1.688442211055276448e-02,2.141279566726363487e-180,2.141279566726363487e-180,2.141279566726363487e-180,2.141279566726363487e-180
1.693467336683417146e-02,-5.736406671062899040e-181,-5.736406671062899040e-181,-5.736406671062899040e-181,-5.736406671062899040e-181
1.698492462311557843e-02,1.536761570378356937e-181,1.536761570378356937e-181,1.536761570378356937e-181,1.536761570378356937e-181
1.703517587939698541e-02,-4.116925907824742622e-182,-4.116925907824742622e-182,-4.116925907824742622e-182,-4.116925907824742622e-182
1.708542713567839239e-02,1.102908821850981518e-182,1.102908821850981518e-182,1.102908821850981518e-182,1.102908821850981518e-182
1.713567839195979936e-02,-2.954650864628829056e-183,-2.954650864628829056e-183,-2.954650864628829056e-183,-2.954650864628829056e-183
1.718592964824120634e-02,7.915397500584528607e-184,7.915397500584528607e-184,7.915397500584528607e-184,7.915397500584528607e-184
1.723618090452261331e-02,-2.120504941626343142e-184,-2.120504941626343142e-184,-2.120504941626343142e-184,-2.120504941626343142e-184
1.728643216080402029e-02,5.680752239075404897e-185,5.680752239075404897e-185,5.680752239075404897e-185,5.680752239075404897e-185
1.733668341708542726e-02,-1.521851959326710422e-185,-1.521851959326710422e-185,-1.521851959326710422e-185,-1.521851959326710422e-185
1.738693467336683424e-02,4.076983625822596221e-186,4.076983625822596221e-186,4.076983625822596221e-186,4.076983625822596221e-186
1.743718592964824121e-02,-1.092208436133254630e-186,-1.092208436133254630e-186,-1.092208436133254630e-186,-1.092208436133254630e-186
1.748743718592964819e-02,2.925984937503790212e-187,2.925984937503790212e-187,2.925984937503790212e-187,2.925984937503790212e-187
1.753768844221105516e-02,-7.838602570045086231e-188,-7.838602570045086231e-188,-7.838602570045086231e-188,-7.838602570045086231e-188
1.758793969849246214e-02,2.099931871267121686e-188,2.099931871267121686e-188,2.099931871267121686e-188,2.099931871267121686e-188
1.763819095477386911e-02,-5.625637764586996772e-189,-5.625637764586996772e-189,-5.625637764586996772e-189,-5.625637764586996772e-189
1.768844221105527609e-02,1.507087000839258615e-189,1.507087000839258615e-189,1.507087000839258615e-189,1.507087000839258615e-189
1.773869346733668306e-02,-4.037428862548563981e-190,-4.037428862548563981e-190,-4.037428862548563981e-190,-4.037428862548563981e-190
1.778894472361809004e-02,1.081611865211674365e-190,1.081611865211674365e-190,1.081611865211674365e-190,1.081611865211674365e-190
1.783919597989949701e-02,-2.897597126276562863e-191,-2.897597126276562863e-191,-2.897597126276562863e-191,-2.897597126276562863e-191
1.788944723618090399e-02,7.762552701437927791e-192,7.762552701437927791e-192,7.762552701437927791e-192,7.762552701437927791e-192
1.793969849246231096e-02,-2.079558400171120200e-192,-2.079558400171120200e-192,-2.079558400171120200e-192,-2.079558400171120200e-192
1.798994974874371794e-02,5.571058008947484313e-193,5.571058008947484313e-193,5.571058008947484313e-193,5.571058008947484313e-193
1.804020100502512491e-02,-1.492465291501503306e-193,-1.492465291501503306e-193,-1.492465291501503306e-193,-1.492465291501503306e-193
1.809045226130653189e-02,3.998257858308479417e-194,3.998257858308479417e-194,3.998257858308479417e-194,3.998257858308479417e-194
1.814070351758793886e-02,-1.071118101878445595e-194,-1.071118101878445595e-194,-1.071118101878445595e-194,-1.071118101878445595e-194
1.819095477386934584e-02,2.869484732675704037e-195,2.869484732675704037e-195,2.869484732675704037e-195,2.869484732675704037e-195
1.824120603015075281e-02,-7.687240666196279303e-196,-7.687240666196279303e-196,-7.687240666196279303e-196,-7.687240666196279303e-196
1.829145728643215979e-02,2.059382591832744816e-196,2.059382591832744816e-196,2.059382591832744816e-196,2.059382591832744816e-196
1.834170854271356677e-02,-5.517007784331889611e-197,-5.517007784331889611e-197,-5.517007784331889611e-197,-5.517007784331889611e-197
1.839195979899497374e-02,1.477985441514825857e-197,1.477985441514825857e-197,1.477985441514825857e-197,1.477985441514825857e-197
1.844221105527638072e-02,-3.959466889884606960e-198,-3.959466889884606960e-198,-3.959466889884606960e-198,-3.959466889884606960e-198
1.849246231155778769e-02,1.060726148697670828e-198,1.060726148697670828e-198,1.060726148697670828e-198,1.060726148697670828e-198
1.854271356783919467e-02,-2.841645084608307472e-199,-2.841645084608307472e-199,-2.841645084608307472e-199,-2.841645084608307472e-199
1.859296482412060164e-02,7.612659305884692652e-200,7.612659305884692652e-200,7.612659305884692652e-200,7.612659305884692652e-200
1.864321608040200862e-02,-2.039402528534311780e-200,-2.039402528534311780e-200,-2.039402528534311780e-200,-2.039402528534311780e-200
1.869346733668341559e-02,5.463481953247341299e-201,5.463481953247341299e-201,5.463481953247341299e-201,5.463481953247341299e-201
1.874371859296482257e-02,-1.463646074564390589e-201,-1.463646074564390589e-201,-1.463646074564390589e-201,-1.463646074564390589e-201
1.879396984924622954e-02,3.921052270181747400e-202,3.921052270181747400e-202,3.921052270181747400e-202,3.921052270181747400e-202
1.884422110552763652e-02,-1.050435017910544258e-202,-1.050435017910544258e-202,-1.050435017910544258e-202,-1.050435017910544258e-202
1.889447236180904349e-02,2.814075535906029848e-203,2.814075535906029848e-203,2.814075535906029848e-203,2.814075535906029848e-203
1.894472361809045047e-02,-7.538801531518628864e-204,-7.538801531518628864e-204,-7.538801531518628864e-204,-7.538801531518628864e-204
1.899497487437185744e-02,2.019616311163775909e-204,2.019616311163775909e-204,2.019616311163775909e-204,2.019616311163775909e-204
1.904522613065326442e-02,-5.410475428044765222e-205,-5.410475428044765222e-205,-5.410475428044765222e-205,-5.410475428044765222e-205
1.909547738693467139e-02,1.449445827688323692e-205,1.449445827688323692e-205,1.449445827688323692e-205,1.449445827688323692e-205
1.914572864321607837e-02,-3.883010347876784381e-206,-3.883010347876784381e-206,-3.883010347876784381e-206,-3.883010347876784381e-206
1.919597989949748534e-02,1.040243731341461518e-206,1.040243731341461518e-206,1.040243731341461518e-206,1.040243731341461518e-206
1.924623115577889232e-02,-2.786773466073480266e-207,-2.786773466073480266e-207,-2.786773466073480266e-207,-2.786773466073480266e-207
1.929648241206030276e-02,7.465660322890657322e-208,7.465660322890657322e-208,7.465660322890657322e-208,7.465660322890657322e-208
1.934673366834170974e-02,-2.000022059034213739e-208,-2.000022059034213739e-208,-2.000022059034213739e-208,-2.000022059034213739e-208
1.939698492462311671e-02,5.357983170435195564e-209,5.357983170435195564e-209,5.357983170435195564e-209,5.357983170435195564e-209
1.944723618090452369e-02,-1.435383351147790670e-209,-1.435383351147790670e-209,-1.435383351147790670e-209,-1.435383351147790670e-209
1.949748743718593066e-02,3.845337507057679229e-210,3.845337507057679229e-210,3.845337507057679229e-210,3.845337507057679229e-210
1.954773869346733764e-02,-1.030151320253020675e-210,-1.030151320253020675e-210,-1.030151320253020675e-210,-1.030151320253020675e-210
1.959798994974874461e-02,2.759736278097206986e-211,2.759736278097206986e-211,2.759736278097206986e-211,2.759736278097206986e-211
1.964824120603015159e-02,-7.393228655398479170e-212,-7.393228655398479170e-212,-7.393228655398479170e-212,-7.393228655398479170e-212
1.969849246231155857e-02,1.980617639060439757e-212,1.980617639060439757e-212,1.980617639060439757e-212,1.980617639060439757e-212
1.974874371859296554e-02,-5.305990088418397522e-213,-5.305990088418397522e-213,-5.305990088418397522e-213,-5.305990088418397522e-213
1.979899497487437252e-02,1.421419597452753643e-213,1.421419597452753643e-213,1.421419597452753643e-213,1.421419597452753643e-213
1.984924623115577949e-02,-3.806622500574002690e-214,-3.806622500574002690e-214,-3.806622500574002690e-214,-3.806622500574002690e-214
1.989949748743718647e-02,1.014902303965327091e-214,1.014902303965327091e-214,1.014902303965327091e-214,1.014902303965327091e-214
1.994974874371859344e-02,-2.536821206029506802e-215,-2.536821206029506802e-215,-2.536821206029506802e-215,-2.536821206029506802e-215
2.000000000000000042e-02,7.823416779478947315e-230,7.823416779478947315e-230,7.823416779478947315e-230,7.823416779478947315e-230
